167 246 119 243 69 236 172 184 122 175 74 171
164 248 116 246 66 239 169 185 120 178 71 174
168 245 119 244 68 239 173 182 122 176 72 174
174 244 126 243 73 236 179 181 129 175 77 171
173 242 126 242 74 236 177 179 129 174 77 171
173 241 125 240 72 233 176 178 127 172 76 169
165 228 113 227 66 223 168 165 116 160 70 158
147 239 84 237 43 233 151 176 87 170 48 167
157 236 93 235 53 230 161 172 96 168 58 164
162 227 99 227 61 223 165 163 100 160 65 158
167 212 95 213 60 211 169 147 95 147 64 144
171 206 101 207 67 201 173 142 101 138 72 136
170 206 102 204 69 200 173 142 101 137 72 134
169 211 101 207 68 203 171 146 99 140 70 137
167 208 102 208 67 204 170 145 102 140 69 138