short tip - a mode 
[[  1.           0.           0.          58.35927438]
 [  0.           1.           0.         -48.0382]
 [  0.           0.           1.         40.38216]
 [  0.           0.           0.           1.        ]]

 long amode
[[  1.           0.           0.          62.3723251 ]
 [  0.           1.           0.         -48.0382]
 [  0.           0.           1.         40.38216]
 [  0.           0.           0.           1.        ]]



 pointer
Calibtration matrix T
        self.Vtip   = np.array([ 1.8672234, 2.5614,  167.0018]) 

 
